0     -741.07        2212    -217.027     141.398     296.198        2184
1     -603.67        2812     203.219     205.207     205.966        2789
4    -921.077        2883     440.792     149.702     163.209        2835
2    -867.607        2835      195.58     156.783     207.611        2835
3    -398.129        2812     444.928     243.925      160.42        2789
4    -296.897        2016    -150.281     240.886     283.713        2005
5    -486.019        2812     429.137     227.277     163.317        2812
6    -291.399        2005     16.1874     241.929     239.956        1981
7    -341.684        2005    -25.0932     228.661     250.786        1993
8    -241.166        1993    -27.1471     254.853     251.525        1981
15     578.623        2090    -103.183     465.572     270.341        2078
12     1332.95        2485     27.7926     603.099      238.29        2503
9     885.396        2016    -84.9649     551.561     266.553        2016
10     876.725        2129    -11.6682      537.08     247.092        2129
11     975.254        2078      -463.4      567.52     362.346        2078

