1     -603.67        2812     203.219     174.456      188.49        2103
2    -867.607        2835      195.58     112.259      197.09        2143
17    -1030.29        2241    -511.171     22.5627     406.149        1688
3    -398.129        2812     444.928     245.342     144.382        2349
4    -296.897        2016    -150.281     234.499      299.54        1655
5    -486.019        2812     429.137     228.196     144.627        2241
8    -241.166        1993    -27.1471     227.849     256.765        1283
18     673.919        2958     452.036     487.741     134.241        2198
15     578.623        2090    -103.183      548.28      282.04        1387
9     885.396        2016    -84.9649     614.103     275.888        1663
10     876.725        2129    -11.6682     610.736     248.784        1688
20    -1016.95     2818.64     206.039     77.4178      197.94        2184
32      574.17     2108.17    -23.8471      543.86     247.039        1404
33    -443.262     2805.92     189.189     232.222     197.803        2317
36    -939.467     2216.24    -466.952     20.2419     401.724        1594
37    -847.278      2216.1    -325.157     78.9265     342.569        1748
34    -979.635     2247.95    -555.599     25.1721       424.6        1639
35     526.751     2123.86    -174.794     529.441     308.107        1410
42     630.124     2056.14     65.7936     575.454     217.331        1365
43     764.877     2077.66     82.6195     611.575      211.83        1503
50    -1087.32     2252.07    -589.828     20.2905     414.075        1853
51     -400.79      2839.9     456.799     248.889     138.569        2286
52    -523.214     2816.16     300.342      200.64     175.993        2116
54    -331.394     1985.96    -63.1036     193.383     269.049        1288
55     677.575     2091.57     85.6041     585.585     210.985        1410
57     499.907     2098.71    -36.5569     502.756      260.78        1616
58    -232.151     1946.64     35.0322     257.213     243.191        1647
62    -1058.27     2205.31    -473.375     13.2093     389.112        1713
59    -1033.27     2868.11     192.655     72.6816     197.259        2143
60    -1237.22     2389.08     151.333     24.3659     208.788        2116
61    -761.802     2216.82    -282.187     55.0303     333.492        1509
63    -291.678     1978.76    -22.0344     235.017     236.533        1452
64    -764.168     2208.15    -176.265     53.9794     312.445        1509
65     11.2312     2373.15    -270.467     342.195     319.624        1873
66    -535.351     2790.04     291.558     188.683     171.425        2103
69     423.847     2140.73    -413.013     479.842     402.728        1439
67     518.211     2110.54    -72.9347     518.373     275.568        1415
68    -578.592     2779.19     443.336     180.038     136.258        2103
71     515.109     2137.68    -211.614     513.212     326.472        1458
70    -526.984     2815.61     386.817     209.317     155.106        2212
73    -201.574     2947.55      386.13     300.544     161.965        2432
72    -165.122      2280.9     4.57189     275.276     246.171        1601
74    -323.678     1970.41     25.1672     191.712     242.785        1273
75    -268.377     1996.91    -29.9126      219.66     269.938        1292
76    -265.629     1983.28     36.0665     219.905     243.372        1278
77    -333.596     1989.01    -16.7497     189.218     255.397        1302
78    -955.584      2220.6     -341.84     19.8128     363.422        1601
79    -304.257      1984.9    -60.7525     230.899     272.686        1404
80     202.298     2900.73     48.9243     378.167     232.377        1981
81    -308.573      1989.7    -181.767     195.114     299.948        1307
82    -697.282     2208.93    -174.176     77.0831      311.72        1516
84     -320.53     1944.07     30.7448     205.757     238.268        1273
83    -28.9706     2346.34    -300.176     327.685      342.96        1688
211     228.194      2940.3     92.7685     380.395      220.09        2256
212    -222.624     2024.97    -202.558     249.712     326.855        1392
213    -894.273     2834.27     371.437     106.194     160.103        2198
214    -170.594     3005.08     380.025     282.746     158.907        2286
215    -431.888     2801.76     226.478     211.807     189.729        2090
85     14.8132     2500.43    -221.502     329.257     314.678        1757
217     -183.11     2004.32     77.4767     255.922     217.796        1307
218     -466.33        2816     444.035      204.76     138.743        2103
219    -935.706      2900.3     261.663     94.0748      187.51        2170
220    -896.397     2899.22     459.584     104.544     140.207        2184
221     625.749     2949.99     36.5652     472.807     237.637        2198
222    -250.296     2979.25     387.583     266.873     158.275        2271
223    -387.925     2796.61      458.03     226.659     133.526        2090